739
504
272
441
132
757
640
599
52
83
366
626
213
436
475
658
856
597
845
456
40
257
661
462
561
783
185
710
356
730
709
651
77
716
397
355
210
899
61
780
163
217
114
893
768
891
12
453
299
374
276
79
382
520
68
233
241
311
194
572
55
413
784
484
95
762
31
218
376
117
371
728
679
255
350
175
56
176
225
442
58
229
5
207
515
747
848
237
269
337
45
555
879
20
72
440
582
786
674
702
771
116
847
695
297
813
392
871
835
44
8
123
361
395
662
740
529
396
859
799
499
389
236
292
367
774
354
725
765
402
754
142
406
838
497
23
327
822
184
608
573
344
684
596
78
223
500
527
393
860
874
815
898
274
797
369
39
542
639
419
553
571
492
261
191
482
677
478
103
888
303
870
201
319
878
370
593
556
183
105
618
228
508
457
111
70
165
493
769
830
450
558
439
169
621
586
852
384
294
394
270
751
616
278
881
843
543
691
853
264
351
829
17
224
580
522
802
186
288
718
262
863
818
410
501
122
113
64
827
100
510
764
145
227
409
284
712
92
161
698
1
643
302
266
135
432
240
646
566
541
130
642
689
466
415
380
244
756
741
821
487
172
854
434
381
809
557
279
336
212
352
902
3
887
254
438
634
418
36
694
486
526
790
377
364
595
317
141
587
668
872
637
536
391
546
199
283
472
636
904
623
38
650
118
296
452
631
174
795
495
905
777
727
793
763
652
778
245
578
775
273
770
592
502
648
890
892
876
390
534
606
71
671
340
216
275
431
338
849
280
329
562
552
766
612
729
660
298
665
365
198
734
153
285
242
798
602
15
857
93
89
585
29
745
824
692
489
408
160
87
559
746
28
807
842
76
259
349
119
414
195
301
669
362
433
525
399
464
232
253
690
277
736
577
405
844
706
104
491
209
250
723
605
788
129
306
112
96
687
200
744
360
719
243
321
445
138
619
717
309
539
359
84
584
81
713
47
861
168
641
779
705
318
629
437
506
27
865
293
171
575
424
430
569
448
444
313
30
696
48
35
314
581
134
97
154
722
812
477
673
49
107
137
733
528
808
889
50
316
647
895
37
816
867
127
131
238
897
828
110
326
203
590
204
192
707
752
794
62
63
179
459
325
632
688
614
554
41
193
43
398
205
607
335
421
330
600
884
451
505
533
282
54
574
143
836
251
57
825
346
65
488
206
820
173
772
866
511
7
162
609
148
146
855
121
622
82
11
699
211
611
720
235
806
483
347
128
583
503
841
375
474
532
547
334
182
703
753
246
74
333
226
672
260
307
14
140
826
463
219
563
704
805
896
700
620
73
59
446
832
517
683
249
664
601
883
481
791
800
787
901
290
837
357
67
407
180
476
544
468
328
247
403
735
670
447
256
496
343
823
846
667
759
726
748
681
353
610
875
519
834
564
659
537
840
164
66
312
655
158
322
693
509
570
378
869
686
159
53
485
300
598
109
386
411
425
715
588
796
657
149
567
429
420
196
467
531
323
461
781
75
494
106
624
151
99
167
560
139
873
9
900
742
189
737
404
422
480
761
423
680
181
738
21
749
16
654
265
115
877
903
460
373
514
644
576
187
685
732
19
295
387
188
26
831
230
721
714
348
281
550
801
906
287
615
91
248
291
33
858
701
471
80
523
34
649
465
792
886
94
10
304
469
498
782
88
150
656
628
868
767
208
776
363
388
548
18
518
743
13
289
331
678
368
125
69
101
215
426
814
882
6
810
412
907
675
239
190
789
170
470
308
221
133
25
258
222
126
731
24
603
604
120
401
2
339
458
435
545
565
625
839
428
549
817
60
538
102
635
512
894
147
358
267
708
383
345
46
268
676
86
90
473
811
885
833
864
613
51
417
862
516
617
803
252
760
711
156
286
630
400
108
157
653
320
551
785
155
697
851
341
521
663
178
372
455
427
324
166
231
85
177
589
144
